1390
1511
1499
1872
1730
1890
2040
2047
1983
1865
1765
1773
1837
2003
2141
2147
2124
2140
2190
2183
2070
2027
2008
1956
1956
1896
1811
2074
2125
2115
2120
2039
1580
1639
1498
1646
1922
1678
1749
1811
1909
1908
1860
1904
1912
1879
1861
2053
2070
2073
2005
2006
1999
1951
1902
1910
2186
2183
2171
2122
2040
2032
1988
2054
2076
2236
2158
2195
2143
2082
2055
2157
2162
2133
2192
1976
1637
1467
1415
1105
1052
1033
1101
1180
1331
1446
2015
2032
2035
2076
2029
1956
1964
1963
1916
1901
1897
1894
1869
1876
1867
1869
1888
1902
1896
1981
1906
1903
1885
1963
1975
1985
1990
1937
1892
2064
2030
2019
2025
2021
1996
1906
2015
